06/10/2010:08:00:00 - 06/10/2010:08:00:58 , 107.0, 101.5, 0,00 , 354881, 330164 , 0,00
06/10/2010:08:01:03 - 06/10/2010:08:01:59 , 103.0, 101.0, -3,74 , 354948, 330514 , -100,00
06/10/2010:08:02:00 - 06/10/2010:08:02:59 , 106.0, 102.5, 2,91 , 354834, 332433 , -100,00
06/10/2010:08:03:01 - 06/10/2010:08:03:56 , 107.5, 105.5, 1,42 , 354922, 331050 , -100,00
06/10/2010:08:04:00 - 06/10/2010:08:04:59 , 107.0, 104.5, -0,47 , 354851, 330202 , -100,00
06/10/2010:08:05:11 - 06/10/2010:08:05:51 , 106.0, 104.5, -0,93 , 353795, 337712 , -100,00
06/10/2010:08:06:04 - 06/10/2010:08:06:59 , 104.5, 102.0, -1,42 , 354850, 330023 , -100,00
06/10/2010:08:07:11 - 06/10/2010:08:07:56 , 103.0, 98.5, -1,44 , 354786, 330003 , -100,00
06/10/2010:08:08:02 - 06/10/2010:08:08:38 , 99.0, 98.0, -3,88 , 349506, 331667 , -100,00
06/10/2010:08:09:19 - 06/10/2010:08:09:56 , 100.0, 98.5, 1,01 , 352981, 330548 , -100,00
06/10/2010:08:10:02 - 06/10/2010:08:10:42 , 100.5, 99.0, 0,50 , 354399, 330892 , -100,00
06/10/2010:08:11:01 - 06/10/2010:08:11:59 , 105.0, 100.0, 4,48 , 354753, 330222 , -100,00
06/10/2010:08:12:01 - 06/10/2010:08:12:55 , 105.0, 101.5, 0,00 , 354538, 331728 , -100,00
06/10/2010:08:13:18 - 06/10/2010:08:13:59 , 106.0, 104.5, 0,95 , 353842, 333636 , -100,00
06/10/2010:08:14:01 - 06/10/2010:08:14:56 , 109.0, 106.5, 2,83 , 352854, 331144 , -100,00
06/10/2010:08:15:03 - 06/10/2010:08:15:47 , 111.5, 108.5, 2,29 , 354381, 330420 , -100,00
06/10/2010:08:16:09 - 06/10/2010:08:16:55 , 108.5, 107.5, -2,69 , 354655, 332233 , -100,00
06/10/2010:08:17:08 - 06/10/2010:08:17:53 , 108.5, 106.5, 0,00 , 352892, 336255 , -100,00
06/10/2010:08:18:07 - 06/10/2010:08:18:56 , 106.5, 106.0, -1,84 , 352036, 331757 , -100,00
06/10/2010:08:19:00 - 06/10/2010:08:19:59 , 107.5, 106.0, 0,94 , 352602, 330354 , -100,00
06/10/2010:08:20:00 - 06/10/2010:08:20:53 , 107.5, 105.5, 0,00 , 352814, 331078 , -100,00
06/10/2010:08:21:15 - 06/10/2010:08:21:56 , 107.5, 105.5, 0,00 , 354805, 335777 , -100,00
06/10/2010:08:22:06 - 06/10/2010:08:22:55 , 110.0, 107.0, 2,33 , 352436, 330630 , -100,00
06/10/2010:08:23:04 - 06/10/2010:08:23:52 , 110.5, 108.0, 0,45 , 354720, 331538 , -100,00
06/10/2010:08:24:01 - 06/10/2010:08:24:59 , 109.5, 108.5, -0,90 , 354674, 330724 , -100,00
06/10/2010:08:25:27 - 06/10/2010:08:25:57 , 110.5, 108.5, 0,91 , 354557, 330964 , -100,00
06/10/2010:08:26:07 - 06/10/2010:08:26:29 , 109.0, 106.5, -1,36 , 354537, 330021 , -100,00
06/10/2010:08:27:05 - 06/10/2010:08:27:54 , 106.5, 105.5, -2,29 , 354535, 330113 , -100,00
06/10/2010:08:28:00 - 06/10/2010:08:28:57 , 107.0, 106.0, 0,47 , 354483, 330730 , -100,00
06/10/2010:08:29:07 - 06/10/2010:08:29:48 , 108.0, 107.0, 0,93 , 348300, 345823 , -100,00
06/10/2010:08:30:11 - 06/10/2010:08:30:57 , 111.0, 107.0, 2,78 , 353901, 333874 , -100,00
06/10/2010:08:31:00 - 06/10/2010:08:31:52 , 112.0, 110.5, 0,90 , 352904, 330185 , -100,00
06/10/2010:08:32:33 - 06/10/2010:08:32:56 , 112.0, 111.0, 0,00 , 353200, 335355 , -100,00
06/10/2010:08:33:20 - 06/10/2010:08:33:58 , 112.0, 111.0, 0,00 , 351406, 330640 , -100,00
06/10/2010:08:34:02 - 06/10/2010:08:34:57 , 110.5, 109.5, -1,34 , 353510, 330204 , -100,00
06/10/2010:08:35:02 - 06/10/2010:08:35:51 , 110.0, 109.5, -0,45 , 352818, 332184 , -100,00
06/10/2010:08:36:15 - 06/10/2010:08:36:15 , 109.5, 109.5, -0,45 , 352416, 352416 , -100,00
06/10/2010:08:37:38 - 06/10/2010:08:37:57 , 108.5, 104.5, -0,91 , 354967, 332430 , -100,00
06/10/2010:08:38:00 - 06/10/2010:08:38:59 , 105.0, 103.0, -3,23 , 354560, 331174 , -100,00
06/10/2010:08:39:01 - 06/10/2010:08:39:45 , 104.0, 102.0, -0,95 , 354695, 333439 , -100,00
06/10/2010:08:40:00 - 06/10/2010:08:40:55 , 102.0, 99.5, -1,92 , 353478, 331312 , -100,00
06/10/2010:08:41:14 - 06/10/2010:08:41:49 , 100.5, 100.0, -1,47 , 354792, 332731 , -100,00
06/10/2010:08:42:04 - 06/10/2010:08:42:59 , 101.0, 100.5, 0,50 , 354062, 332716 , -100,00
06/10/2010:08:43:00 - 06/10/2010:08:43:59 , 105.0, 100.5, 3,96 , 354008, 330186 , -100,00
06/10/2010:08:44:15 - 06/10/2010:08:44:58 , 106.5, 104.5, 1,43 , 352181, 330312 , -100,00
06/10/2010:08:45:00 - 06/10/2010:08:45:49 , 106.5, 104.0, 0,00 , 354362, 330259 , -100,00
06/10/2010:08:46:24 - 06/10/2010:08:46:43 , 105.5, 105.0, -0,94 , 338610, 338123 , -100,00
06/10/2010:08:47:05 - 06/10/2010:08:47:59 , 105.5, 104.0, 0,00 , 354107, 344101 , -100,00
06/10/2010:08:48:00 - 06/10/2010:08:48:59 , 105.0, 102.5, -0,47 , 353213, 331820 , -100,00
06/10/2010:08:49:54 - 06/10/2010:08:49:59 , 105.0, 105.0, 0,00 , 352005, 332206 , -100,00
06/10/2010:08:50:07 - 06/10/2010:08:50:57 , 108.0, 105.0, 2,86 , 353417, 330574 , -100,00
06/10/2010:08:51:00 - 06/10/2010:08:51:59 , 108.5, 106.5, 0,46 , 352399, 330041 , -100,00
06/10/2010:08:52:05 - 06/10/2010:08:52:59 , 110.0, 107.5, 1,38 , 354315, 330552 , -100,00
06/10/2010:08:53:06 - 06/10/2010:08:53:54 , 107.0, 106.5, -2,73 , 354791, 330483 , -100,00
06/10/2010:08:54:03 - 06/10/2010:08:54:50 , 107.0, 106.0, 0,00 , 354615, 330025 , -100,00
06/10/2010:08:55:09 - 06/10/2010:08:55:52 , 108.5, 106.0, 1,40 , 354642, 332260 , -100,00
06/10/2010:08:56:02 - 06/10/2010:08:56:54 , 109.5, 107.0, 0,92 , 354905, 330682 , -100,00
06/10/2010:08:57:14 - 06/10/2010:08:57:52 , 110.0, 108.5, 0,46 , 347965, 330846 , -100,00
06/10/2010:08:58:00 - 06/10/2010:08:58:59 , 110.0, 107.5, 0,00 , 354210, 331909 , -100,00
06/10/2010:08:59:03 - 06/10/2010:08:59:59 , 112.5, 108.5, 2,27 , 354167, 330328 , -100,00
06/10/2010:09:00:00 - 06/10/2010:09:00:59 , 112.5, 107.5, 0,00 , 354984, 330070 , -100,00
06/10/2010:09:01:00 - 06/10/2010:09:01:58 , 117.0, 110.0, 4,00 , 354949, 330067 , -100,00
06/10/2010:09:02:00 - 06/10/2010:09:02:59 , 117.0, 115.5, 0,00 , 354405, 330019 , -100,00
06/10/2010:09:03:00 - 06/10/2010:09:03:59 , 118.0, 115.0, 0,85 , 354717, 330172 , -100,00
06/10/2010:09:04:00 - 06/10/2010:09:04:59 , 116.0, 113.0, -1,69 , 354685, 330116 , -100,00
06/10/2010:09:05:00 - 06/10/2010:09:05:59 , 113.5, 107.5, -2,16 , 354950, 330034 , -100,00
06/10/2010:09:06:00 - 06/10/2010:09:06:59 , 116.0, 109.5, 2,20 , 354982, 330044 , -100,00
06/10/2010:09:07:01 - 06/10/2010:09:07:58 , 117.0, 113.0, 0,86 , 354889, 330262 , -100,00
06/10/2010:09:08:00 - 06/10/2010:09:08:58 , 117.5, 113.5, 0,43 , 354727, 330194 , -100,00
06/10/2010:09:09:00 - 06/10/2010:09:09:59 , 114.0, 111.5, -2,98 , 354540, 330455 , -100,00
06/10/2010:09:10:00 - 06/10/2010:09:10:57 , 117.0, 113.0, 2,63 , 354994, 330746 , -100,00
06/10/2010:09:11:00 - 06/10/2010:09:11:59 , 116.5, 112.5, -0,43 , 354987, 330055 , -100,00
06/10/2010:09:12:04 - 06/10/2010:09:12:59 , 119.5, 112.0, 2,58 , 354964, 330045 , -100,00
06/10/2010:09:13:00 - 06/10/2010:09:13:59 , 113.0, 109.5, -5,44 , 354813, 330083 , -100,00
06/10/2010:09:14:00 - 06/10/2010:09:14:56 , 111.5, 108.5, -1,33 , 354823, 330263 , -100,00
06/10/2010:09:15:00 - 06/10/2010:09:15:58 , 113.5, 111.5, 1,79 , 354920, 330750 , -100,00
06/10/2010:09:16:01 - 06/10/2010:09:16:59 , 113.0, 109.5, -0,44 , 354740, 330130 , -100,00
06/10/2010:09:17:00 - 06/10/2010:09:17:59 , 115.0, 112.5, 1,77 , 354434, 331850 , -100,00
06/10/2010:09:18:01 - 06/10/2010:09:18:59 , 114.0, 110.5, -0,87 , 354687, 330128 , -100,00
06/10/2010:09:19:02 - 06/10/2010:09:19:59 , 111.0, 105.5, -2,63 , 354989, 330041 , -100,00
06/10/2010:09:20:00 - 06/10/2010:09:20:59 , 106.0, 99.0, -4,50 , 354842, 330206 , -100,00
06/10/2010:09:21:00 - 06/10/2010:09:21:59 , 105.0, 100.0, -0,94 , 354917, 330152 , -100,00
06/10/2010:09:22:00 - 06/10/2010:09:22:59 , 103.5, 101.5, -1,43 , 354263, 330076 , -100,00
06/10/2010:09:23:00 - 06/10/2010:09:23:59 , 104.5, 99.0, 0,97 , 354932, 330143 , -100,00
06/10/2010:09:24:00 - 06/10/2010:09:24:59 , 101.5, 98.0, -2,87 , 354944, 330208 , -100,00
06/10/2010:09:25:00 - 06/10/2010:09:25:59 , 100.0, 96.5, -1,48 , 353937, 330272 , -100,00
06/10/2010:09:26:00 - 06/10/2010:09:26:55 , 101.0, 98.0, 1,00 , 354250, 330544 , -100,00
06/10/2010:09:27:01 - 06/10/2010:09:27:52 , 101.5, 98.0, 0,50 , 354273, 330170 , -100,00
06/10/2010:09:28:00 - 06/10/2010:09:28:58 , 105.0, 101.0, 3,45 , 354467, 330346 , -100,00
06/10/2010:09:29:04 - 06/10/2010:09:29:58 , 107.0, 103.0, 1,90 , 354835, 330339 , -100,00
06/10/2010:09:30:00 - 06/10/2010:09:30:59 , 108.5, 106.5, 1,40 , 353755, 330017 , -100,00
06/10/2010:09:31:01 - 06/10/2010:09:31:59 , 113.0, 107.5, 4,15 , 354952, 330286 , -100,00
06/10/2010:09:32:03 - 06/10/2010:09:32:53 , 114.0, 111.5, 0,88 , 354446, 330054 , -100,00
06/10/2010:09:33:00 - 06/10/2010:09:33:42 , 114.0, 112.0, 0,00 , 354624, 330356 , -100,00
06/10/2010:09:34:00 - 06/10/2010:09:34:59 , 118.0, 113.0, 3,51 , 354808, 330669 , -100,00
06/10/2010:09:35:00 - 06/10/2010:09:35:59 , 117.5, 114.5, -0,42 , 354985, 330027 , -100,00
06/10/2010:09:36:09 - 06/10/2010:09:36:57 , 116.0, 113.0, -1,28 , 354804, 330457 , -100,00
06/10/2010:09:37:00 - 06/10/2010:09:37:59 , 113.5, 111.0, -2,16 , 354879, 330241 , -100,00
06/10/2010:09:38:03 - 06/10/2010:09:38:59 , 116.5, 112.0, 2,64 , 354837, 330004 , -100,00
06/10/2010:09:39:07 - 06/10/2010:09:39:59 , 117.0, 114.0, 0,43 , 353711, 330767 , -100,00
06/10/2010:09:40:00 - 06/10/2010:09:40:57 , 120.5, 116.5, 2,99 , 354479, 330400 , -100,00
06/10/2010:09:41:00 - 06/10/2010:09:41:58 , 121.5, 118.5, 0,83 , 354916, 330178 , -100,00
06/10/2010:09:42:03 - 06/10/2010:09:42:58 , 120.5, 115.5, -0,82 , 354026, 330298 , -100,00
06/10/2010:09:43:01 - 06/10/2010:09:43:55 , 117.5, 113.5, -2,49 , 354734, 330148 , -100,00
06/10/2010:09:44:01 - 06/10/2010:09:44:56 , 117.0, 113.0, -0,43 , 354451, 330052 , -100,00
06/10/2010:09:45:00 - 06/10/2010:09:45:59 , 126.5, 116.5, 8,12 , 354766, 330123 , -100,00
06/10/2010:09:46:00 - 06/10/2010:09:46:58 , 128.5, 125.5, 1,58 , 355000, 330012 , -100,00
06/10/2010:09:47:01 - 06/10/2010:09:47:57 , 129.0, 126.5, 0,39 , 354556, 330051 , -100,00
06/10/2010:09:48:00 - 06/10/2010:09:48:59 , 130.0, 121.5, 0,78 , 354408, 330345 , -100,00
06/10/2010:09:49:00 - 06/10/2010:09:49:54 , 127.0, 122.5, -2,31 , 354822, 330080 , -100,00
06/10/2010:09:50:00 - 06/10/2010:09:50:59 , 128.5, 125.0, 1,18 , 353909, 330072 , -100,00
06/10/2010:09:51:00 - 06/10/2010:09:51:50 , 126.0, 121.5, -1,95 , 354830, 330203 , -100,00
06/10/2010:09:52:00 - 06/10/2010:09:52:59 , 125.0, 121.5, -0,79 , 354059, 330104 , -100,00
06/10/2010:09:53:02 - 06/10/2010:09:53:58 , 124.0, 121.0, -0,80 , 354653, 330144 , -100,00
06/10/2010:09:54:03 - 06/10/2010:09:54:59 , 124.0, 120.5, 0,00 , 354563, 330175 , -100,00
06/10/2010:09:55:01 - 06/10/2010:09:55:58 , 129.0, 123.5, 4,03 , 354242, 330554 , -100,00
06/10/2010:09:56:00 - 06/10/2010:09:56:59 , 128.5, 123.5, -0,39 , 354277, 330318 , -100,00
06/10/2010:09:57:00 - 06/10/2010:09:57:55 , 124.5, 120.0, -3,11 , 354887, 331736 , -100,00
06/10/2010:09:58:01 - 06/10/2010:09:58:59 , 122.0, 119.0, -2,01 , 354150, 330086 , -100,00
06/10/2010:09:59:00 - 06/10/2010:09:59:58 , 119.0, 116.0, -2,46 , 354951, 330176 , -100,00
06/10/2010:10:00:00 - 06/10/2010:10:00:59 , 118.5, 114.0, -0,42 , 354947, 330007 , -100,00
06/10/2010:10:01:00 - 06/10/2010:10:01:59 , 121.5, 117.0, 2,53 , 354767, 330053 , -100,00
06/10/2010:10:02:00 - 06/10/2010:10:02:59 , 120.5, 118.5, -0,82 , 354793, 330805 , -100,00
06/10/2010:10:03:02 - 06/10/2010:10:03:54 , 120.0, 118.5, -0,41 , 354935, 331487 , -100,00
06/10/2010:10:04:00 - 06/10/2010:10:04:59 , 121.5, 119.0, 1,25 , 354894, 330270 , -100,00
06/10/2010:10:05:01 - 06/10/2010:10:05:55 , 123.5, 121.5, 1,65 , 353965, 330931 , -100,00
06/10/2010:10:06:00 - 06/10/2010:10:06:58 , 122.5, 116.5, -0,81 , 354782, 330490 , -100,00
06/10/2010:10:07:01 - 06/10/2010:10:07:58 , 120.0, 117.5, -2,04 , 354685, 330888 , -100,00
06/10/2010:10:08:01 - 06/10/2010:10:08:53 , 117.5, 114.0, -2,08 , 354970, 331294 , -100,00
06/10/2010:10:09:03 - 06/10/2010:10:09:58 , 115.5, 114.0, -1,70 , 354624, 330459 , -100,00
06/10/2010:10:10:05 - 06/10/2010:10:10:58 , 116.0, 114.0, 0,43 , 354619, 330276 , -100,00
06/10/2010:10:11:01 - 06/10/2010:10:11:56 , 119.0, 115.0, 2,59 , 354965, 330005 , -100,00
06/10/2010:10:12:02 - 06/10/2010:10:12:59 , 119.5, 117.5, 0,42 , 354527, 330086 , -100,00
06/10/2010:10:13:05 - 06/10/2010:10:13:59 , 126.5, 119.5, 5,86 , 354914, 330329 , -100,00
06/10/2010:10:14:00 - 06/10/2010:10:14:58 , 126.5, 121.5, 0,00 , 354962, 330054 , -100,00
06/10/2010:10:15:00 - 06/10/2010:10:15:59 , 128.0, 123.5, 1,19 , 354577, 330607 , -100,00
06/10/2010:10:16:00 - 06/10/2010:10:16:58 , 128.5, 123.0, 0,39 , 354936, 330003 , -100,00
06/10/2010:10:17:01 - 06/10/2010:10:17:59 , 125.5, 121.0, -2,33 , 354736, 330212 , -100,00
06/10/2010:10:18:02 - 06/10/2010:10:18:58 , 122.5, 120.5, -2,39 , 354633, 330586 , -100,00
06/10/2010:10:19:13 - 06/10/2010:10:19:59 , 122.0, 118.5, -0,41 , 354998, 330056 , -100,00
06/10/2010:10:20:00 - 06/10/2010:10:20:59 , 120.0, 118.0, -1,64 , 353510, 330256 , -100,00
06/10/2010:10:21:00 - 06/10/2010:10:21:59 , 121.0, 118.5, 0,83 , 354622, 331374 , -100,00
06/10/2010:10:22:01 - 06/10/2010:10:22:59 , 126.5, 120.5, 4,55 , 354975, 330166 , -100,00
06/10/2010:10:23:00 - 06/10/2010:10:23:59 , 132.5, 125.5, 4,74 , 354990, 330108 , -100,00
06/10/2010:10:24:02 - 06/10/2010:10:24:55 , 135.5, 130.5, 2,26 , 354955, 330157 , -100,00
06/10/2010:10:25:00 - 06/10/2010:10:25:57 , 136.0, 133.5, 0,37 , 354949, 330561 , -100,00
06/10/2010:10:26:00 - 06/10/2010:10:26:59 , 136.0, 133.5, 0,00 , 354534, 330803 , -100,00
06/10/2010:10:27:00 - 06/10/2010:10:27:59 , 139.0, 133.5, 2,21 , 354852, 330026 , -100,00
06/10/2010:10:28:00 - 06/10/2010:10:28:59 , 140.0, 136.5, 0,72 , 354959, 330018 , -100,00
06/10/2010:10:29:00 - 06/10/2010:10:29:57 , 140.5, 137.5, 0,36 , 354874, 330303 , -100,00
06/10/2010:10:30:00 - 06/10/2010:10:30:58 , 139.0, 137.0, -1,07 , 354518, 330321 , -100,00
06/10/2010:10:31:04 - 06/10/2010:10:31:59 , 143.0, 138.0, 2,88 , 354946, 330009 , -100,00
06/10/2010:10:32:02 - 06/10/2010:10:32:59 , 147.0, 141.5, 2,80 , 354938, 330022 , -100,00
06/10/2010:10:33:00 - 06/10/2010:10:33:56 , 144.5, 141.0, -1,70 , 354750, 330618 , -100,00
06/10/2010:10:34:01 - 06/10/2010:10:34:57 , 144.0, 141.0, -0,35 , 354833, 330310 , -100,00
06/10/2010:10:35:01 - 06/10/2010:10:35:59 , 148.5, 142.0, 3,13 , 354892, 330035 , -100,00
06/10/2010:10:36:00 - 06/10/2010:10:36:59 , 149.0, 146.5, 0,34 , 354939, 330375 , -100,00
06/10/2010:10:37:00 - 06/10/2010:10:37:59 , 159.5, 146.0, 7,05 , 354937, 330043 , -100,00
06/10/2010:10:38:00 - 06/10/2010:10:38:59 , 159.5, 155.5, 0,00 , 354978, 330112 , -100,00
06/10/2010:10:39:01 - 06/10/2010:10:39:59 , 163.5, 156.5, 2,51 , 354991, 330114 , -100,00
06/10/2010:10:40:00 - 06/10/2010:10:40:59 , 166.0, 158.0, 1,53 , 354988, 330160 , -100,00
06/10/2010:10:41:00 - 06/10/2010:10:41:58 , 168.5, 163.5, 1,51 , 354794, 330001 , -100,00
06/10/2010:10:42:00 - 06/10/2010:10:42:59 , 169.5, 165.0, 0,59 , 354825, 330129 , -100,00
06/10/2010:10:43:00 - 06/10/2010:10:43:58 , 166.5, 161.5, -1,77 , 354778, 330024 , -100,00
06/10/2010:10:44:00 - 06/10/2010:10:44:58 , 167.0, 163.5, 0,30 , 354706, 330111 , -100,00
06/10/2010:10:45:01 - 06/10/2010:10:45:59 , 168.0, 165.5, 0,60 , 354976, 330183 , -100,00
06/10/2010:10:46:00 - 06/10/2010:10:46:59 , 174.0, 165.5, 3,57 , 354779, 330079 , -100,00
06/10/2010:10:47:00 - 06/10/2010:10:47:59 , 173.0, 170.0, -0,57 , 354703, 330009 , -100,00
06/10/2010:10:48:00 - 06/10/2010:10:48:59 , 172.0, 167.0, -0,58 , 354848, 330020 , -100,00
06/10/2010:10:49:00 - 06/10/2010:10:49:59 , 170.5, 167.5, -0,87 , 354875, 330611 , -100,00
06/10/2010:10:50:00 - 06/10/2010:10:50:59 , 170.5, 167.0, 0,00 , 354826, 330412 , -100,00
06/10/2010:10:51:00 - 06/10/2010:10:51:59 , 169.5, 167.0, -0,59 , 354830, 330006 , -100,00
06/10/2010:10:52:07 - 06/10/2010:10:52:59 , 167.5, 165.5, -1,18 , 354630, 330103 , -100,00
06/10/2010:10:53:00 - 06/10/2010:10:53:59 , 171.5, 165.5, 2,39 , 354986, 330148 , -100,00
06/10/2010:10:54:00 - 06/10/2010:10:54:58 , 170.0, 167.0, -0,87 , 354759, 330096 , -100,00
06/10/2010:10:55:03 - 06/10/2010:10:55:59 , 169.5, 167.0, -0,29 , 354775, 330135 , -100,00
06/10/2010:10:56:02 - 06/10/2010:10:56:59 , 171.0, 168.5, 0,88 , 354962, 330082 , -100,00
06/10/2010:10:57:00 - 06/10/2010:10:57:59 , 172.0, 169.0, 0,58 , 354521, 330077 , -100,00
06/10/2010:10:58:00 - 06/10/2010:10:58:58 , 172.0, 167.5, 0,00 , 354286, 330600 , -100,00
06/10/2010:10:59:01 - 06/10/2010:10:59:59 , 170.0, 166.5, -1,16 , 354924, 330151 , -100,00
06/10/2010:11:00:01 - 06/10/2010:11:00:58 , 169.0, 166.5, -0,59 , 354605, 330106 , -100,00
06/10/2010:11:01:00 - 06/10/2010:11:01:58 , 168.0, 165.0, -0,59 , 354891, 330315 , -100,00
06/10/2010:11:02:05 - 06/10/2010:11:02:57 , 166.0, 164.5, -1,19 , 354984, 330456 , -100,00
06/10/2010:11:03:08 - 06/10/2010:11:03:57 , 165.5, 164.0, -0,30 , 353946, 330270 , -100,00
06/10/2010:11:04:01 - 06/10/2010:11:04:59 , 166.0, 163.5, 0,30 , 354682, 330531 , -100,00
06/10/2010:11:05:00 - 06/10/2010:11:05:59 , 166.0, 164.0, 0,00 , 354368, 331421 , -100,00
06/10/2010:11:06:00 - 06/10/2010:11:06:59 , 167.5, 164.5, 0,90 , 354965, 330110 , -100,00
06/10/2010:11:07:01 - 06/10/2010:11:07:59 , 168.0, 166.5, 0,30 , 351308, 330050 , -100,00
06/10/2010:11:08:04 - 06/10/2010:11:08:52 , 168.0, 167.0, 0,00 , 354599, 331414 , -100,00
06/10/2010:11:09:00 - 06/10/2010:11:09:57 , 169.5, 168.0, 0,89 , 354716, 330285 , -100,00
06/10/2010:11:10:01 - 06/10/2010:11:10:55 , 169.5, 167.5, 0,00 , 354973, 330229 , -100,00
06/10/2010:11:11:03 - 06/10/2010:11:11:57 , 171.0, 169.0, 0,88 , 354565, 330177 , -100,00
06/10/2010:11:12:00 - 06/10/2010:11:12:54 , 170.5, 169.0, -0,29 , 354637, 330427 , -100,00
06/10/2010:11:13:00 - 06/10/2010:11:13:59 , 176.5, 170.0, 3,52 , 354820, 330370 , -100,00
06/10/2010:11:14:01 - 06/10/2010:11:14:55 , 174.0, 171.5, -1,42 , 353420, 330486 , -100,00
06/10/2010:11:15:03 - 06/10/2010:11:15:58 , 174.0, 172.5, 0,00 , 354560, 330663 , -100,00
06/10/2010:11:16:05 - 06/10/2010:11:16:56 , 176.0, 172.5, 1,15 , 354363, 330292 , -100,00
06/10/2010:11:17:03 - 06/10/2010:11:17:59 , 175.0, 172.5, -0,57 , 354407, 330589 , -100,00
06/10/2010:11:18:01 - 06/10/2010:11:18:59 , 180.5, 174.5, 3,14 , 354971, 330038 , -100,00
06/10/2010:11:19:04 - 06/10/2010:11:19:59 , 181.5, 177.5, 0,55 , 354715, 330213 , -100,00
06/10/2010:11:20:02 - 06/10/2010:11:20:58 , 180.0, 177.5, -0,83 , 354896, 331141 , -100,00
06/10/2010:11:21:02 - 06/10/2010:11:21:59 , 178.5, 173.5, -0,83 , 354650, 331042 , -100,00
06/10/2010:11:22:00 - 06/10/2010:11:22:57 , 176.5, 173.5, -1,12 , 354701, 330019 , -100,00
06/10/2010:11:23:00 - 06/10/2010:11:23:59 , 179.5, 174.5, 1,70 , 354861, 330612 , -100,00
06/10/2010:11:24:00 - 06/10/2010:11:24:58 , 182.0, 178.5, 1,39 , 354795, 330150 , -100,00
06/10/2010:11:25:00 - 06/10/2010:11:25:59 , 183.5, 180.5, 0,82 , 354943, 330107 , -100,00
06/10/2010:11:26:00 - 06/10/2010:11:26:59 , 184.5, 182.0, 0,54 , 354907, 330088 , -100,00
06/10/2010:11:27:00 - 06/10/2010:11:27:59 , 183.5, 180.0, -0,54 , 354946, 330258 , -100,00
06/10/2010:11:28:00 - 06/10/2010:11:28:59 , 181.0, 179.5, -1,36 , 354318, 330173 , -100,00
06/10/2010:11:29:00 - 06/10/2010:11:29:59 , 181.5, 179.0, 0,28 , 354968, 330119 , -100,00
06/10/2010:11:30:00 - 06/10/2010:11:30:58 , 180.5, 177.5, -0,55 , 354945, 330158 , -100,00
06/10/2010:11:31:01 - 06/10/2010:11:31:58 , 180.5, 178.0, 0,00 , 354562, 330190 , -100,00
06/10/2010:11:32:00 - 06/10/2010:11:32:55 , 179.5, 177.0, -0,55 , 354223, 330665 , -100,00
06/10/2010:11:33:00 - 06/10/2010:11:33:59 , 178.5, 175.0, -0,56 , 354897, 330119 , -100,00
06/10/2010:11:34:09 - 06/10/2010:11:34:58 , 175.5, 174.0, -1,68 , 354411, 331543 , -100,00
06/10/2010:11:35:01 - 06/10/2010:11:35:59 , 175.0, 172.5, -0,28 , 354860, 330772 , -100,00
06/10/2010:11:36:00 - 06/10/2010:11:36:56 , 174.5, 173.0, -0,29 , 354914, 331107 , -100,00
06/10/2010:11:37:02 - 06/10/2010:11:37:59 , 175.0, 172.5, 0,29 , 354941, 331846 , -100,00
06/10/2010:11:38:00 - 06/10/2010:11:38:59 , 174.5, 173.0, -0,29 , 353640, 330159 , -100,00
06/10/2010:11:39:06 - 06/10/2010:11:39:57 , 174.0, 172.5, -0,29 , 354626, 331850 , -100,00
06/10/2010:11:40:00 - 06/10/2010:11:40:51 , 174.5, 171.5, 0,29 , 352480, 330033 , -100,00
06/10/2010:11:41:01 - 06/10/2010:11:41:58 , 174.5, 173.0, 0,00 , 352998, 330888 , -100,00
06/10/2010:11:42:02 - 06/10/2010:11:42:58 , 178.0, 174.0, 2,01 , 353730, 330103 , -100,00
06/10/2010:11:43:00 - 06/10/2010:11:43:55 , 178.5, 176.5, 0,28 , 353302, 330293 , -100,00
06/10/2010:11:44:00 - 06/10/2010:11:44:49 , 178.5, 177.0, 0,00 , 354195, 330431 , -100,00
06/10/2010:11:45:00 - 06/10/2010:11:45:57 , 178.5, 177.0, 0,00 , 354640, 330736 , -100,00
06/10/2010:11:46:03 - 06/10/2010:11:46:59 , 178.0, 176.0, -0,28 , 354525, 331088 , -100,00
06/10/2010:11:47:04 - 06/10/2010:11:47:58 , 177.5, 175.0, -0,28 , 354977, 330036 , -100,00
06/10/2010:11:48:06 - 06/10/2010:11:48:58 , 177.0, 176.5, -0,28 , 354478, 335407 , -100,00
06/10/2010:11:49:03 - 06/10/2010:11:49:56 , 177.0, 175.0, 0,00 , 354320, 330447 , -100,00
06/10/2010:11:50:01 - 06/10/2010:11:50:54 , 177.0, 175.0, 0,00 , 353552, 330057 , -100,00
06/10/2010:11:51:04 - 06/10/2010:11:51:59 , 176.5, 175.0, -0,28 , 354493, 331760 , -100,00
06/10/2010:11:52:04 - 06/10/2010:11:52:53 , 177.5, 176.5, 0,57 , 353768, 331765 , -100,00
06/10/2010:11:53:00 - 06/10/2010:11:53:54 , 179.0, 177.0, 0,85 , 353822, 330167 , -100,00
06/10/2010:11:54:06 - 06/10/2010:11:54:59 , 178.5, 174.5, -0,28 , 354056, 330556 , -100,00
06/10/2010:11:55:11 - 06/10/2010:11:55:55 , 176.0, 172.0, -1,40 , 354995, 330022 , -100,00
06/10/2010:11:56:02 - 06/10/2010:11:56:59 , 173.5, 172.0, -1,42 , 354481, 330464 , -100,00
06/10/2010:11:57:00 - 06/10/2010:11:57:59 , 173.5, 172.0, 0,00 , 354004, 330125 , -100,00
06/10/2010:11:58:00 - 06/10/2010:11:58:56 , 173.5, 172.0, 0,00 , 354770, 331783 , -100,00
06/10/2010:11:59:00 - 06/10/2010:11:59:56 , 173.0, 170.5, -0,29 , 354541, 331158 , -100,00
06/10/2010:12:00:00 - 06/10/2010:12:00:59 , 172.5, 171.0, -0,29 , 354553, 330006 , -100,00
06/10/2010:12:01:00 - 06/10/2010:12:01:57 , 172.5, 170.5, 0,00 , 354809, 330563 , -100,00
06/10/2010:12:02:00 - 06/10/2010:12:02:58 , 173.0, 171.0, 0,29 , 354595, 330634 , -100,00
06/10/2010:12:03:00 - 06/10/2010:12:03:59 , 173.0, 169.0, 0,00 , 354723, 330921 , -100,00
06/10/2010:12:04:00 - 06/10/2010:12:04:53 , 170.5, 169.0, -1,45 , 352027, 330154 , -100,00
06/10/2010:12:05:02 - 06/10/2010:12:05:59 , 170.0, 167.0, -0,29 , 354509, 330015 , -100,00
06/10/2010:12:06:00 - 06/10/2010:12:06:58 , 167.5, 165.5, -1,47 , 354920, 330399 , -100,00
06/10/2010:12:07:00 - 06/10/2010:12:07:59 , 166.5, 164.0, -0,60 , 354571, 330187 , -100,00
06/10/2010:12:08:00 - 06/10/2010:12:08:59 , 166.5, 164.0, 0,00 , 354956, 331645 , -100,00
06/10/2010:12:09:02 - 06/10/2010:12:09:56 , 166.5, 165.5, 0,00 , 352658, 330263 , -100,00
06/10/2010:12:10:02 - 06/10/2010:12:10:58 , 166.0, 164.5, -0,30 , 354251, 330284 , -100,00
06/10/2010:12:11:00 - 06/10/2010:12:11:59 , 167.0, 163.0, 0,60 , 354841, 330092 , -100,00
06/10/2010:12:12:00 - 06/10/2010:12:12:54 , 167.5, 166.5, 0,30 , 354843, 330101 , -100,00
06/10/2010:12:13:03 - 06/10/2010:12:13:58 , 168.0, 166.0, 0,30 , 354765, 331094 , -100,00
06/10/2010:12:14:00 - 06/10/2010:12:14:54 , 168.0, 167.0, 0,00 , 354270, 330537 , -100,00
06/10/2010:12:15:01 - 06/10/2010:12:15:56 , 168.5, 167.0, 0,30 , 354232, 331388 , -100,00
06/10/2010:12:16:02 - 06/10/2010:12:16:56 , 169.5, 167.5, 0,59 , 354487, 330717 , -100,00
06/10/2010:12:17:04 - 06/10/2010:12:17:52 , 170.0, 168.0, 0,29 , 354925, 331041 , -100,00
06/10/2010:12:18:00 - 06/10/2010:12:18:54 , 169.0, 167.0, -0,59 , 352481, 331528 , -100,00
06/10/2010:12:19:05 - 06/10/2010:12:19:57 , 170.0, 168.0, 0,59 , 352878, 331265 , -100,00
06/10/2010:12:20:10 - 06/10/2010:12:20:55 , 170.5, 169.0, 0,29 , 354981, 330422 , -100,00
06/10/2010:12:21:00 - 06/10/2010:12:21:52 , 169.5, 167.5, -0,59 , 354566, 330673 , -100,00
06/10/2010:12:22:04 - 06/10/2010:12:22:59 , 170.5, 168.5, 0,59 , 352985, 331672 , -100,00
06/10/2010:12:23:00 - 06/10/2010:12:23:50 , 171.0, 169.5, 0,29 , 354545, 332459 , -100,00
06/10/2010:12:24:01 - 06/10/2010:12:24:54 , 170.5, 168.0, -0,29 , 354928, 330360 , -100,00
06/10/2010:12:25:02 - 06/10/2010:12:25:50 , 172.0, 169.5, 0,88 , 354980, 333587 , -100,00
06/10/2010:12:26:01 - 06/10/2010:12:26:58 , 172.5, 170.5, 0,29 , 353674, 330615 , -100,00
06/10/2010:12:27:03 - 06/10/2010:12:27:57 , 173.0, 171.0, 0,29 , 354769, 332887 , -100,00
06/10/2010:12:28:02 - 06/10/2010:12:28:52 , 174.0, 171.5, 0,58 , 354968, 330764 , -100,00
06/10/2010:12:29:03 - 06/10/2010:12:29:57 , 174.5, 171.5, 0,29 , 354374, 330378 , -100,00
06/10/2010:12:30:00 - 06/10/2010:12:30:59 , 174.0, 171.5, -0,29 , 353858, 330394 , -100,00
06/10/2010:12:31:07 - 06/10/2010:12:31:50 , 173.0, 172.5, -0,57 , 354840, 330965 , -100,00
06/10/2010:12:32:02 - 06/10/2010:12:32:59 , 174.0, 172.0, 0,58 , 354799, 330688 , -100,00
06/10/2010:12:33:00 - 06/10/2010:12:33:53 , 174.5, 172.5, 0,29 , 353839, 330439 , -100,00
06/10/2010:12:34:00 - 06/10/2010:12:34:57 , 174.0, 173.0, -0,29 , 354109, 330125 , -100,00
06/10/2010:12:35:00 - 06/10/2010:12:35:59 , 176.0, 173.0, 1,15 , 354972, 330353 , -100,00
06/10/2010:12:36:02 - 06/10/2010:12:36:58 , 176.0, 174.0, 0,00 , 354933, 330189 , -100,00
06/10/2010:12:37:10 - 06/10/2010:12:37:56 , 176.0, 175.5, 0,00 , 342172, 330559 , -100,00
06/10/2010:12:38:02 - 06/10/2010:12:38:59 , 176.0, 173.5, 0,00 , 353888, 330090 , -100,00
06/10/2010:12:39:02 - 06/10/2010:12:39:54 , 176.5, 174.0, 0,28 , 354306, 330801 , -100,00
06/10/2010:12:40:07 - 06/10/2010:12:40:58 , 175.5, 173.0, -0,57 , 354811, 330314 , -100,00
06/10/2010:12:41:03 - 06/10/2010:12:41:59 , 175.5, 174.0, 0,00 , 354607, 331658 , -100,00
06/10/2010:12:42:18 - 06/10/2010:12:42:59 , 175.0, 173.5, -0,28 , 354579, 330953 , -100,00
06/10/2010:12:43:09 - 06/10/2010:12:43:54 , 175.5, 173.5, 0,29 , 350815, 332105 , -100,00
06/10/2010:12:44:02 - 06/10/2010:12:44:52 , 174.0, 172.5, -0,85 , 353983, 331315 , -100,00
06/10/2010:12:45:00 - 06/10/2010:12:45:54 , 173.5, 172.5, -0,29 , 353477, 334477 , -100,00
06/10/2010:12:46:00 - 06/10/2010:12:46:58 , 175.0, 172.5, 0,86 , 353696, 330904 , -100,00
06/10/2010:12:47:03 - 06/10/2010:12:47:58 , 174.5, 172.5, -0,29 , 354082, 330042 , -100,00
06/10/2010:12:48:03 - 06/10/2010:12:48:58 , 175.0, 173.0, 0,29 , 354608, 331117 , -100,00
06/10/2010:12:49:01 - 06/10/2010:12:49:59 , 176.0, 174.0, 0,57 , 354166, 330465 , -100,00
06/10/2010:12:50:22 - 06/10/2010:12:50:58 , 175.5, 175.0, -0,28 , 353804, 335393 , -100,00
06/10/2010:12:51:04 - 06/10/2010:12:51:44 , 174.5, 173.0, -0,57 , 354574, 330746 , -100,00
06/10/2010:12:52:03 - 06/10/2010:12:52:56 , 175.0, 173.0, 0,29 , 354872, 331293 , -100,00
06/10/2010:12:53:00 - 06/10/2010:12:53:59 , 175.5, 173.0, 0,29 , 354696, 330687 , -100,00
06/10/2010:12:54:00 - 06/10/2010:12:54:56 , 174.5, 173.0, -0,57 , 354978, 331731 , -100,00
06/10/2010:12:55:00 - 06/10/2010:12:55:59 , 174.0, 172.0, -0,29 , 353813, 330333 , -100,00
06/10/2010:12:56:03 - 06/10/2010:12:56:46 , 174.0, 173.5, 0,00 , 353764, 330818 , -100,00
06/10/2010:12:57:04 - 06/10/2010:12:57:56 , 175.0, 173.0, 0,57 , 354724, 331079 , -100,00
06/10/2010:12:58:02 - 06/10/2010:12:58:55 , 177.5, 175.5, 1,43 , 354489, 330599 , -100,00
06/10/2010:12:59:03 - 06/10/2010:12:59:56 , 177.0, 175.0, -0,28 , 354070, 332546 , -100,00
06/10/2010:13:00:00 - 06/10/2010:13:00:53 , 177.0, 175.0, 0,00 , 354222, 331392 , -100,00
06/10/2010:13:01:00 - 06/10/2010:13:01:54 , 176.5, 175.5, -0,28 , 353939, 331789 , -100,00
06/10/2010:13:02:00 - 06/10/2010:13:02:59 , 176.5, 173.0, 0,00 , 354797, 330324 , -100,00
06/10/2010:13:03:00 - 06/10/2010:13:03:55 , 174.5, 173.0, -1,13 , 352631, 330825 , -100,00
06/10/2010:13:04:05 - 06/10/2010:13:04:57 , 175.5, 173.5, 0,57 , 354442, 330133 , -100,00
06/10/2010:13:05:00 - 06/10/2010:13:05:58 , 175.0, 173.0, -0,28 , 354885, 330499 , -100,00
06/10/2010:13:06:04 - 06/10/2010:13:06:58 , 175.5, 173.5, 0,29 , 354679, 330842 , -100,00
06/10/2010:13:07:01 - 06/10/2010:13:07:28 , 175.0, 174.5, -0,28 , 337451, 330469 , -100,00
06/10/2010:13:08:00 - 06/10/2010:13:08:58 , 176.0, 174.0, 0,57 , 354746, 330363 , -100,00
06/10/2010:13:09:07 - 06/10/2010:13:09:47 , 176.0, 174.0, 0,00 , 354495, 331644 , -100,00
06/10/2010:13:10:09 - 06/10/2010:13:10:45 , 174.5, 173.5, -0,85 , 347143, 330207 , -100,00
06/10/2010:13:11:01 - 06/10/2010:13:11:57 , 176.0, 174.5, 0,86 , 354048, 330287 , -100,00
06/10/2010:13:12:03 - 06/10/2010:13:12:56 , 176.0, 173.5, 0,00 , 353649, 332349 , -100,00
06/10/2010:13:13:02 - 06/10/2010:13:13:59 , 175.0, 173.5, -0,57 , 354910, 330196 , -100,00
06/10/2010:13:14:03 - 06/10/2010:13:14:57 , 175.5, 174.0, 0,29 , 353567, 331812 , -100,00
06/10/2010:13:15:09 - 06/10/2010:13:15:51 , 176.0, 174.0, 0,28 , 354910, 330139 , -100,00
06/10/2010:13:16:01 - 06/10/2010:13:16:59 , 175.5, 171.0, -0,28 , 354431, 330508 , -100,00
06/10/2010:13:17:07 - 06/10/2010:13:17:58 , 172.5, 171.5, -1,71 , 353692, 330980 , -100,00
06/10/2010:13:18:01 - 06/10/2010:13:18:51 , 173.5, 171.0, 0,58 , 354424, 330048 , -100,00
06/10/2010:13:19:06 - 06/10/2010:13:19:46 , 173.5, 172.5, 0,00 , 354186, 330244 , -100,00
06/10/2010:13:20:00 - 06/10/2010:13:20:57 , 173.0, 171.5, -0,29 , 354550, 330393 , -100,00
06/10/2010:13:21:03 - 06/10/2010:13:21:51 , 172.5, 170.5, -0,29 , 352696, 330124 , -100,00
06/10/2010:13:22:10 - 06/10/2010:13:22:56 , 172.0, 170.5, -0,29 , 354433, 331215 , -100,00
06/10/2010:13:23:05 - 06/10/2010:13:23:57 , 170.5, 170.0, -0,87 , 352843, 331638 , -100,00
06/10/2010:13:24:00 - 06/10/2010:13:24:58 , 170.0, 169.0, -0,29 , 354717, 330613 , -100,00
06/10/2010:13:25:00 - 06/10/2010:13:25:59 , 169.0, 167.0, -0,59 , 354479, 330360 , -100,00
06/10/2010:13:26:00 - 06/10/2010:13:26:57 , 168.5, 166.0, -0,30 , 353658, 330058 , -100,00
06/10/2010:13:27:03 - 06/10/2010:13:27:58 , 169.5, 167.0, 0,59 , 354877, 331129 , -100,00
06/10/2010:13:28:00 - 06/10/2010:13:28:50 , 171.0, 169.5, 0,88 , 354966, 330734 , -100,00
06/10/2010:13:29:08 - 06/10/2010:13:29:48 , 170.5, 168.5, -0,29 , 351772, 330926 , -100,00
06/10/2010:13:30:00 - 06/10/2010:13:30:57 , 169.5, 167.5, -0,59 , 353594, 330880 , -100,00
06/10/2010:13:31:09 - 06/10/2010:13:31:59 , 168.5, 167.0, -0,59 , 354389, 330321 , -100,00
06/10/2010:13:32:04 - 06/10/2010:13:32:55 , 170.0, 167.0, 0,89 , 354112, 330064 , -100,00
06/10/2010:13:33:01 - 06/10/2010:13:33:56 , 170.0, 168.0, 0,00 , 354276, 330896 , -100,00
06/10/2010:13:34:02 - 06/10/2010:13:34:59 , 169.0, 166.5, -0,59 , 354741, 330593 , -100,00
06/10/2010:13:35:00 - 06/10/2010:13:35:58 , 168.0, 165.5, -0,59 , 354730, 330357 , -100,00
06/10/2010:13:36:00 - 06/10/2010:13:36:54 , 168.0, 166.5, 0,00 , 354237, 331565 , -100,00
06/10/2010:13:37:00 - 06/10/2010:13:37:59 , 168.5, 166.5, 0,30 , 354904, 331098 , -100,00
06/10/2010:13:38:09 - 06/10/2010:13:38:58 , 169.5, 167.5, 0,59 , 354289, 330241 , -100,00
06/10/2010:13:39:02 - 06/10/2010:13:39:59 , 171.0, 169.0, 0,88 , 354660, 330445 , -100,00
06/10/2010:13:40:00 - 06/10/2010:13:40:58 , 172.5, 169.0, 0,88 , 354999, 330146 , -100,00
06/10/2010:13:41:04 - 06/10/2010:13:41:56 , 172.5, 170.5, 0,00 , 354273, 330862 , -100,00
06/10/2010:13:42:06 - 06/10/2010:13:42:55 , 171.5, 170.0, -0,58 , 352612, 330215 , -100,00
06/10/2010:13:43:09 - 06/10/2010:13:43:55 , 170.5, 168.5, -0,58 , 354663, 330700 , -100,00
06/10/2010:13:44:07 - 06/10/2010:13:44:48 , 170.0, 169.0, -0,29 , 354454, 332411 , -100,00
06/10/2010:13:45:01 - 06/10/2010:13:45:59 , 170.0, 165.5, 0,00 , 354601, 330737 , -100,00
06/10/2010:13:46:00 - 06/10/2010:13:46:58 , 166.0, 158.5, -2,35 , 354988, 330039 , -100,00
06/10/2010:13:47:00 - 06/10/2010:13:47:53 , 163.0, 161.0, -1,81 , 354885, 330472 , -100,00
06/10/2010:13:48:00 - 06/10/2010:13:48:55 , 165.0, 163.0, 1,23 , 354954, 330048 , -100,00
06/10/2010:13:49:01 - 06/10/2010:13:49:58 , 167.0, 162.5, 1,21 , 354648, 330239 , -100,00
06/10/2010:13:50:00 - 06/10/2010:13:50:57 , 167.0, 165.0, 0,00 , 352905, 331560 , -100,00
06/10/2010:13:51:01 - 06/10/2010:13:51:56 , 167.5, 161.5, 0,30 , 354865, 330090 , -100,00
06/10/2010:13:52:00 - 06/10/2010:13:52:59 , 164.5, 160.5, -1,79 , 354202, 330064 , -100,00
06/10/2010:13:53:01 - 06/10/2010:13:53:59 , 165.5, 159.5, 0,61 , 351698, 330582 , -100,00
06/10/2010:13:54:00 - 06/10/2010:13:54:59 , 165.0, 163.0, -0,30 , 354632, 330395 , -100,00
06/10/2010:13:55:01 - 06/10/2010:13:55:47 , 163.0, 161.5, -1,21 , 354923, 331897 , -100,00
06/10/2010:13:56:01 - 06/10/2010:13:56:56 , 162.0, 160.5, -0,61 , 353938, 330592 , -100,00
06/10/2010:13:57:01 - 06/10/2010:13:57:59 , 162.0, 159.5, 0,00 , 354639, 330081 , -100,00
06/10/2010:13:58:01 - 06/10/2010:13:58:57 , 161.0, 159.5, -0,62 , 353859, 330093 , -100,00
06/10/2010:13:59:02 - 06/10/2010:13:59:58 , 160.0, 158.0, -0,62 , 354802, 330008 , -100,00
06/10/2010:14:00:00 - 06/10/2010:14:00:57 , 160.5, 159.0, 0,31 , 354952, 331249 , -100,00
06/10/2010:14:01:00 - 06/10/2010:14:01:59 , 162.0, 159.0, 0,93 , 354669, 330289 , -100,00
06/10/2010:14:02:00 - 06/10/2010:14:02:54 , 160.0, 157.5, -1,23 , 354909, 330414 , -100,00
06/10/2010:14:03:00 - 06/10/2010:14:03:57 , 159.5, 157.5, -0,31 , 354897, 330075 , -100,00
06/10/2010:14:04:02 - 06/10/2010:14:04:59 , 159.5, 158.0, 0,00 , 351640, 332873 , -100,00
06/10/2010:14:05:01 - 06/10/2010:14:05:58 , 160.0, 158.0, 0,31 , 354888, 330232 , -100,00
06/10/2010:14:06:02 - 06/10/2010:14:06:45 , 159.5, 159.0, -0,31 , 351107, 330014 , -100,00
06/10/2010:14:07:05 - 06/10/2010:14:07:59 , 161.0, 159.0, 0,94 , 354817, 330093 , -100,00
06/10/2010:14:08:00 - 06/10/2010:14:08:59 , 161.0, 159.5, 0,00 , 354265, 330095 , -100,00
06/10/2010:14:09:03 - 06/10/2010:14:09:57 , 159.5, 156.5, -0,93 , 354821, 330011 , -100,00
06/10/2010:14:10:02 - 06/10/2010:14:10:58 , 156.5, 155.0, -1,88 , 354997, 330580 , -100,00
06/10/2010:14:11:03 - 06/10/2010:14:11:59 , 156.5, 154.5, 0,00 , 354292, 330448 , -100,00
06/10/2010:14:12:00 - 06/10/2010:14:12:59 , 159.5, 155.0, 1,92 , 354930, 330205 , -100,00
06/10/2010:14:13:03 - 06/10/2010:14:13:58 , 161.0, 158.5, 0,94 , 354763, 330140 , -100,00
06/10/2010:14:14:07 - 06/10/2010:14:14:59 , 160.5, 158.5, -0,31 , 354801, 330756 , -100,00
06/10/2010:14:15:00 - 06/10/2010:14:15:58 , 160.5, 157.0, 0,00 , 354357, 330180 , -100,00
06/10/2010:14:16:00 - 06/10/2010:14:16:57 , 162.0, 160.0, 0,93 , 354865, 330286 , -100,00
06/10/2010:14:17:10 - 06/10/2010:14:17:57 , 161.5, 161.0, -0,31 , 353764, 331074 , -100,00
06/10/2010:14:18:28 - 06/10/2010:14:18:44 , 161.0, 161.0, -0,31 , 354704, 330897 , -100,00
06/10/2010:14:19:09 - 06/10/2010:14:19:58 , 161.0, 159.0, 0,00 , 354301, 332013 , -100,00
06/10/2010:14:20:04 - 06/10/2010:14:20:56 , 158.5, 156.5, -1,55 , 354534, 330404 , -100,00
06/10/2010:14:21:02 - 06/10/2010:14:21:51 , 157.0, 156.0, -0,95 , 353964, 331825 , -100,00
06/10/2010:14:22:03 - 06/10/2010:14:22:58 , 159.5, 156.5, 1,59 , 354228, 330046 , -100,00
06/10/2010:14:23:05 - 06/10/2010:14:23:59 , 162.0, 159.5, 1,57 , 354774, 332472 , -100,00
06/10/2010:14:24:01 - 06/10/2010:14:24:58 , 160.5, 159.0, -0,93 , 352065, 330719 , -100,00
06/10/2010:14:25:03 - 06/10/2010:14:25:56 , 160.5, 159.0, 0,00 , 352435, 330212 , -100,00
06/10/2010:14:26:01 - 06/10/2010:14:26:55 , 163.0, 159.5, 1,56 , 354550, 330098 , -100,00
06/10/2010:14:27:00 - 06/10/2010:14:27:56 , 161.5, 160.0, -0,92 , 353218, 332655 , -100,00
06/10/2010:14:28:00 - 06/10/2010:14:28:59 , 161.5, 158.0, 0,00 , 353575, 331101 , -100,00
06/10/2010:14:29:01 - 06/10/2010:14:29:52 , 162.0, 159.0, 0,31 , 354411, 330099 , -100,00
06/10/2010:14:30:00 - 06/10/2010:14:30:59 , 166.0, 156.5, 2,47 , 354991, 330010 , -100,00
06/10/2010:14:31:04 - 06/10/2010:14:31:57 , 167.0, 162.0, 0,60 , 354657, 330131 , -100,00
06/10/2010:14:32:00 - 06/10/2010:14:32:59 , 172.5, 166.5, 3,29 , 354421, 330059 , -100,00
06/10/2010:14:33:00 - 06/10/2010:14:33:59 , 171.5, 165.5, -0,58 , 354961, 330334 , -100,00
06/10/2010:14:34:00 - 06/10/2010:14:34:59 , 167.5, 165.0, -2,33 , 354598, 330196 , -100,00
06/10/2010:14:35:00 - 06/10/2010:14:35:59 , 167.0, 162.5, -0,30 , 354953, 330479 , -100,00
06/10/2010:14:36:00 - 06/10/2010:14:36:59 , 165.0, 162.5, -1,20 , 354659, 330305 , -100,00
06/10/2010:14:37:00 - 06/10/2010:14:37:56 , 164.5, 161.0, -0,30 , 354437, 330757 , -100,00
06/10/2010:14:38:03 - 06/10/2010:14:38:58 , 162.0, 156.5, -1,52 , 354422, 330028 , -100,00
06/10/2010:14:39:00 - 06/10/2010:14:39:59 , 160.5, 155.5, -0,93 , 354828, 330206 , -100,00
06/10/2010:14:40:00 - 06/10/2010:14:40:57 , 160.5, 155.0, 0,00 , 354929, 330134 , -100,00
06/10/2010:14:41:00 - 06/10/2010:14:41:59 , 158.0, 155.5, -1,56 , 354853, 330512 , -100,00
06/10/2010:14:42:01 - 06/10/2010:14:42:53 , 158.5, 156.0, 0,32 , 354448, 333031 , -100,00
06/10/2010:14:43:00 - 06/10/2010:14:43:59 , 157.5, 152.0, -0,63 , 354884, 330102 , -100,00
06/10/2010:14:44:00 - 06/10/2010:14:44:59 , 154.0, 151.0, -2,22 , 354997, 330070 , -100,00
06/10/2010:14:45:01 - 06/10/2010:14:45:59 , 155.0, 151.0, 0,65 , 354883, 330105 , -100,00
06/10/2010:14:46:02 - 06/10/2010:14:46:59 , 153.5, 147.5, -0,97 , 354872, 330061 , -100,00
06/10/2010:14:47:00 - 06/10/2010:14:47:59 , 152.0, 148.0, -0,98 , 354724, 330031 , -100,00
06/10/2010:14:48:00 - 06/10/2010:14:48:59 , 151.5, 148.5, -0,33 , 354993, 330528 , -100,00
06/10/2010:14:49:03 - 06/10/2010:14:49:59 , 153.0, 149.0, 0,99 , 354919, 330012 , -100,00
06/10/2010:14:50:00 - 06/10/2010:14:50:58 , 155.5, 151.5, 1,63 , 354992, 330198 , -100,00
06/10/2010:14:51:02 - 06/10/2010:14:51:56 , 156.0, 152.0, 0,32 , 354856, 330708 , -100,00
06/10/2010:14:52:01 - 06/10/2010:14:52:55 , 155.5, 151.5, -0,32 , 354994, 330218 , -100,00
06/10/2010:14:53:01 - 06/10/2010:14:53:49 , 155.0, 153.0, -0,32 , 354665, 330563 , -100,00
06/10/2010:14:54:04 - 06/10/2010:14:54:59 , 158.0, 153.0, 1,94 , 354974, 330581 , -100,00
06/10/2010:14:55:00 - 06/10/2010:14:55:59 , 158.5, 157.0, 0,32 , 353526, 330074 , -100,00
06/10/2010:14:56:09 - 06/10/2010:14:56:58 , 161.0, 158.0, 1,58 , 354955, 330032 , -100,00
06/10/2010:14:57:00 - 06/10/2010:14:57:53 , 162.5, 158.5, 0,93 , 354957, 330268 , -100,00
06/10/2010:14:58:04 - 06/10/2010:14:58:59 , 164.0, 161.0, 0,92 , 354453, 330094 , -100,00
06/10/2010:14:59:00 - 06/10/2010:14:59:57 , 163.5, 160.5, -0,30 , 354445, 330067 , -100,00
06/10/2010:15:00:00 - 06/10/2010:15:00:58 , 164.5, 162.0, 0,61 , 354737, 330000 , -100,00
06/10/2010:15:01:01 - 06/10/2010:15:01:58 , 167.5, 163.0, 1,82 , 354698, 330218 , -100,00
06/10/2010:15:02:01 - 06/10/2010:15:02:54 , 165.5, 164.0, -1,19 , 353298, 330476 , -100,00
06/10/2010:15:03:02 - 06/10/2010:15:03:59 , 164.5, 160.5, -0,60 , 354784, 330137 , -100,00
06/10/2010:15:04:00 - 06/10/2010:15:04:59 , 162.0, 160.0, -1,52 , 354888, 330283 , -100,00
06/10/2010:15:05:02 - 06/10/2010:15:05:59 , 168.0, 162.5, 3,70 , 354969, 330200 , -100,00
06/10/2010:15:06:00 - 06/10/2010:15:06:59 , 168.5, 165.5, 0,30 , 354811, 330151 , -100,00
06/10/2010:15:07:00 - 06/10/2010:15:07:59 , 171.0, 166.5, 1,48 , 354876, 330040 , -100,00
06/10/2010:15:08:00 - 06/10/2010:15:08:58 , 173.0, 169.0, 1,17 , 354788, 330141 , -100,00
06/10/2010:15:09:01 - 06/10/2010:15:09:56 , 171.5, 169.0, -0,87 , 354815, 330330 , -100,00
06/10/2010:15:10:00 - 06/10/2010:15:10:57 , 170.5, 167.5, -0,58 , 354584, 330073 , -100,00
06/10/2010:15:11:06 - 06/10/2010:15:11:59 , 169.0, 167.5, -0,88 , 354270, 332231 , -100,00
06/10/2010:15:12:00 - 06/10/2010:15:12:59 , 172.5, 169.0, 2,07 , 354671, 330002 , -100,00
06/10/2010:15:13:04 - 06/10/2010:15:13:57 , 172.5, 171.0, 0,00 , 354963, 330192 , -100,00
06/10/2010:15:14:00 - 06/10/2010:15:14:55 , 171.0, 168.0, -0,87 , 354810, 330530 , -100,00
06/10/2010:15:15:00 - 06/10/2010:15:15:59 , 177.5, 169.5, 3,80 , 354996, 330654 , -100,00
06/10/2010:15:16:00 - 06/10/2010:15:16:55 , 178.0, 174.5, 0,28 , 354360, 330061 , -100,00
06/10/2010:15:17:00 - 06/10/2010:15:17:59 , 189.5, 177.5, 6,46 , 354927, 330016 , -100,00
06/10/2010:15:18:00 - 06/10/2010:15:18:58 , 190.5, 185.5, 0,53 , 354972, 330062 , -100,00
06/10/2010:15:19:00 - 06/10/2010:15:19:58 , 189.0, 184.5, -0,79 , 354983, 330085 , -100,00
06/10/2010:15:20:00 - 06/10/2010:15:20:56 , 186.0, 184.5, -1,59 , 354895, 330289 , -100,00
06/10/2010:15:21:01 - 06/10/2010:15:21:58 , 185.0, 182.5, -0,54 , 354785, 330331 , -100,00
06/10/2010:15:22:00 - 06/10/2010:15:22:59 , 186.0, 183.0, 0,54 , 354875, 330091 , -100,00
06/10/2010:15:23:03 - 06/10/2010:15:23:58 , 187.0, 183.5, 0,54 , 354908, 330097 , -100,00
06/10/2010:15:24:00 - 06/10/2010:15:24:57 , 188.5, 186.5, 0,80 , 354981, 330350 , -100,00
06/10/2010:15:25:00 - 06/10/2010:15:25:59 , 188.0, 185.5, -0,27 , 354891, 330517 , -100,00
06/10/2010:15:26:01 - 06/10/2010:15:26:55 , 186.5, 185.5, -0,80 , 354753, 332015 , -100,00
06/10/2010:15:27:05 - 06/10/2010:15:27:59 , 186.0, 184.5, -0,27 , 354410, 330923 , -100,00
06/10/2010:15:28:00 - 06/10/2010:15:28:58 , 191.5, 185.0, 2,96 , 354933, 330013 , -100,00
06/10/2010:15:29:00 - 06/10/2010:15:29:59 , 190.5, 188.0, -0,52 , 354499, 330301 , -100,00
06/10/2010:15:30:00 - 06/10/2010:15:30:59 , 191.0, 188.0, 0,26 , 354859, 330000 , -100,00
06/10/2010:15:31:00 - 06/10/2010:15:31:59 , 192.0, 188.0, 0,52 , 354683, 330341 , -100,00
06/10/2010:15:32:00 - 06/10/2010:15:32:59 , 192.5, 189.0, 0,26 , 354839, 330035 , -100,00
06/10/2010:15:33:00 - 06/10/2010:15:33:56 , 192.5, 187.0, 0,00 , 354911, 330209 , -100,00
06/10/2010:15:34:00 - 06/10/2010:15:34:59 , 194.5, 188.0, 1,04 , 354873, 330240 , -100,00
06/10/2010:15:35:00 - 06/10/2010:15:35:57 , 194.0, 186.5, -0,26 , 354903, 330016 , -100,00
06/10/2010:15:36:00 - 06/10/2010:15:36:59 , 192.0, 190.0, -1,03 , 354881, 330164 , -100,00
06/10/2010:15:37:00 - 06/10/2010:15:37:58 , 190.0, 187.0, -1,04 , 354948, 330023 , -100,00
06/10/2010:15:38:02 - 06/10/2010:15:38:59 , 189.5, 183.5, -0,26 , 354850, 330003 , -100,00
06/10/2010:15:39:00 - 06/10/2010:15:39:58 , 191.0, 186.5, 0,79 , 354805, 330021 , -100,00
